,0,1
0,55.664106,37.513601
1,55.617027,37.74286
2,55.808882,37.459172
3,55.728003,37.443533
4,55.894202,37.599777
5,55.846805,37.356405
6,55.541739,37.497899
7,55.661262,37.774445
8,55.808169,37.812965
9,55.620103,37.662785
10,55.865581,37.605885
11,55.838384,37.525765
12,55.700197,37.843283
13,55.535121,37.517752
14,55.771028,37.558104
15,55.624195,37.492626
16,55.728003,37.443533
17,55.86015,37.482331
18,55.838258,37.551223
19,55.858771,37.429672
20,55.53854,37.512577
21,55.728576,37.570267
22,55.801232,37.395994
23,55.634364,37.769064
24,55.863833,37.620366
25,55.747165,37.406244
26,55.661262,37.774445
27,55.788292,37.629736
28,55.904352,37.581748
29,55.748382,37.417194
30,55.742392,37.818283
31,55.682021,37.62104
32,55.868849,37.667438
33,55.704808,37.68102
34,55.731379,37.532565
35,55.838384,37.525765
36,55.863833,37.620366
37,55.672707,37.513044
38,55.744242,37.491117
39,55.80524,37.815301
40,55.792903,37.711617
41,55.657321,37.518282
42,55.67423,37.539877
43,55.857947,37.564805
44,55.64289,37.529798
45,55.796957,37.566889
46,55.610906,37.681479
47,55.557948,37.557268
48,55.637327,37.597702
49,55.796785,37.488601
50,55.794755,37.71654
51,55.754355,37.831362
52,55.667741,37.77529
53,55.617535,37.649022
54,55.724353,37.74101
55,55.662735,37.576178
56,55.660912,37.744046
57,55.798029,37.572109
58,55.863833,37.620366
59,55.680016,37.51361
60,55.667741,37.77529
61,55.744206,37.801529
62,55.568145,37.583131
63,55.797356,37.461113
64,55.821811,37.514464
65,55.708288,37.758105
66,55.78771,37.775631
67,55.677956,37.68659
68,55.738039,37.677292
69,55.753742,37.615533
70,55.88355,37.64577
71,55.667741,37.77529
72,55.636829,37.617132
73,55.756695,37.679682
74,55.79727,37.391188
75,55.65144,37.603289
76,55.724353,37.74101
77,55.664893,37.749095
78,55.891809,37.660916
79,55.753337,37.677292
80,55.74938,37.811716
81,55.610906,37.681479
82,55.681691,37.454277
83,55.841589,37.457187
84,55.634049,37.606406
85,55.753337,37.677292
86,55.728003,37.443533
87,55.728576,37.570267
88,55.78771,37.775631
89,55.889462,37.678451
90,55.78771,37.775631
91,55.760226,37.778667
92,55.658967,37.567698
93,55.840098,37.387586
94,55.740309,37.49144
95,55.66013,37.491413
96,55.812666,37.636859
97,55.741323,37.417733
98,55.628932,37.341843
99,55.629155,37.520761
100,55.728003,37.443533
101,55.672641,37.82087
102,55.643729,37.608041
103,55.795201,37.731587
104,55.706852,37.770358
105,55.78771,37.775631
106,55.632571,37.525082
107,55.739235,37.415999
108,55.658388,37.597756
109,55.870738,37.542338
110,55.677758,37.757674
111,55.728003,37.443533
112,55.765179,37.705149
113,55.647417,37.75187
114,55.640675,37.593192
115,55.775074,37.628217
116,55.78771,37.775631
117,55.816844,37.464598
118,55.650378,37.606487
119,55.808877,37.779161
120,55.543368,37.554511
121,55.859655,37.587075
122,55.692019,37.754583
123,55.771859,37.642267
124,55.795818,37.821804
125,55.78771,37.775631
126,55.594906,37.596956
127,55.78771,37.775631
128,55.854891,37.447872
129,55.726396,37.529708
130,55.800023,37.543021
131,55.799902,37.56176
132,55.726396,37.529708
133,55.786136,37.570034
134,55.807501,37.399929
135,55.537429,37.506334
136,55.726396,37.529708
137,55.654889,37.604205
138,55.742027,37.670277
139,55.879046,37.610961
140,55.655117,37.758186
141,55.610906,37.681479
142,55.666081,37.490515
143,55.728576,37.570267
144,55.82355,37.524399
145,55.675976,37.542285
146,55.838384,37.525765
147,55.652486,37.738243
148,55.671757,37.65964
149,55.610906,37.681479
150,55.673164,37.792519
151,55.77472,37.551852
152,55.88355,37.64577
153,55.871339,37.626816
154,55.773793,37.694845
155,55.797822,37.793049
156,55.838384,37.525765
157,55.557286,37.559083
158,55.800666,37.559011
159,55.610906,37.681479
160,55.767772,37.730392
161,55.672839,37.791055
162,55.728576,37.570267
163,55.634126,37.590515
164,55.662506,37.57051
165,55.674595,37.497548
166,55.825153,37.595887
167,55.643266,37.502004
168,55.838384,37.525765
169,55.838384,37.525765
170,55.775079,37.685826
171,55.844925,37.367688
172,55.838384,37.525765
173,55.717173,37.673825
174,55.673976,37.525863
175,55.765073,37.481217
176,55.794032,37.397584
177,55.728003,37.443533
178,55.918525,37.754808
179,55.667188,37.614051
180,55.78771,37.775631
181,55.749972,37.416287
182,55.795889,37.525019
183,55.838384,37.525765
184,55.861237,37.6198
185,55.685751,37.546579
186,55.704139,37.76866
187,55.634812,37.539715
188,55.557948,37.557268
189,55.673976,37.525863
190,55.624195,37.492626
191,55.855143,37.561589
192,55.746112,37.70311
193,55.662044,37.775119
194,55.78893,37.478639
195,55.803363,37.510278
196,55.728003,37.443533
197,55.658342,37.425674
198,55.673976,37.525863
199,55.780274,37.452453
200,55.817456,37.622881
201,55.670118,37.788567
202,55.77676,37.5789
203,55.863833,37.620366
204,55.610906,37.681479
205,55.770401,37.48693
206,55.812666,37.636859
207,55.774674,37.630831
208,55.880233,37.552139
209,55.662735,37.576178
210,55.797356,37.52633
211,55.663324,37.566925
212,55.78771,37.775631
213,55.728576,37.570267
214,55.825371,37.597513
215,55.644221,37.352327
216,55.728003,37.443533
217,55.663324,37.566925
218,55.78771,37.775631
219,55.798247,37.614626
220,55.823333,37.657242
221,55.638836,37.693938
222,55.690755,37.491512
223,55.621928,37.70541
224,55.775262,37.697388
225,55.805978,37.537344
226,55.604692,37.661105
227,55.863288,37.424174
228,55.596437,37.599831
229,55.681575,37.575432
230,55.632774,37.537973
231,55.838258,37.551223
232,55.814492,37.649274
233,55.700867,37.928704
234,55.918525,37.754808
235,55.624195,37.492626
236,55.788697,37.638916
237,55.660927,37.516512
238,55.824733,37.658248
239,55.685665,37.673241
240,55.676428,37.654008
241,55.685665,37.673241
242,55.863833,37.620366
243,55.78771,37.775631
244,55.863833,37.620366
245,55.806565,37.642662
246,55.728576,37.570267
247,55.711767,37.643345
248,55.689055,37.471327
249,55.610906,37.681479
250,55.806565,37.642662
251,55.730973,37.440056
252,55.863833,37.620366
253,55.675133,37.66936
254,55.688091,37.555301
255,55.85337,37.640156
256,55.694378,37.487784
257,55.863833,37.620366
258,55.741515,37.665363
259,55.849322,37.657278
260,55.810172,37.378468
261,55.776203,37.57616
262,55.78771,37.775631
263,55.78771,37.775631
264,55.668356,37.523294
265,55.818488,37.630553
266,55.747804,37.516027
267,55.863833,37.620366
268,55.768998,37.637219
269,55.811659,37.637731
270,55.789062,37.572684
271,55.773034,37.675765
272,55.822114,37.655921
273,55.763898,37.700451
274,55.807542,37.579529
275,55.768046,37.677328
276,55.75439,37.538341
277,55.766673,37.405678
278,55.790833,37.61247
279,55.747368,37.661338
280,55.758266,37.400432
281,55.864545,37.669729
282,55.634629,37.537137
283,55.820273,37.700649
284,55.663415,37.553154
285,55.76131,37.536293
286,55.690755,37.491512
287,55.775656,37.627786
288,55.742534,37.545465
289,55.753742,37.615533
290,55.721838,37.814744
291,55.704894,37.673106
292,55.682717,37.544243
293,55.807542,37.579529
294,55.900163,37.380246
295,55.76018,37.553819
296,55.760753,37.553397
297,55.596437,37.599831
298,55.690811,37.469081
299,55.730593,37.466628
300,55.728576,37.570267
301,55.651074,37.515632
302,55.672565,37.669279
303,55.741825,37.681074
304,55.690811,37.469081
305,55.703449,37.507987
306,55.676935,37.547495
307,55.784202,37.566306
308,55.770664,37.684075
309,55.763366,37.573878
310,55.838384,37.525765
311,55.743193,37.427848
312,55.786971,37.588233
313,55.744262,37.68049
314,55.752911,37.539293
315,55.760753,37.553397
316,55.637347,37.532017
317,55.638099,37.769451
318,55.59541,37.724373
319,55.76018,37.553819
320,55.690755,37.491512
321,55.766329,37.557861
322,55.697001,37.532942
323,55.776203,37.57616
324,55.763812,37.732081
325,55.737345,37.693624
326,55.776203,37.57616
327,55.838384,37.525765
328,55.84771,37.636599
329,55.755297,37.56706
330,55.755814,37.617635
331,55.798854,37.389814
332,55.663715,37.551986
333,55.755814,37.617635
334,55.684868,37.548833
335,55.798854,37.389814
336,55.798854,37.389814
337,55.777307,37.630858
338,55.78276,37.589024
339,55.784769,37.482214
340,55.676504,37.671633
341,55.757293,37.655877
342,55.737345,37.693624
343,55.774289,37.616
344,55.763224,37.605409
345,55.810648,37.785369
346,55.774745,37.548609
347,55.732484,37.628469
348,55.761826,37.546183
349,55.757009,37.411472
350,55.755687,37.410915
351,55.752658,37.587245
352,55.743857,37.632592
353,55.739129,37.414364
354,55.736012,37.618659
355,55.742027,37.670277
356,55.684138,37.840732
357,55.725458,37.678056
358,55.707745,37.671876
359,55.735616,37.630391
360,55.782709,37.638566
361,55.782709,37.638566
362,55.728576,37.570267
363,55.756721,37.665183
364,55.838384,37.525765
365,55.730892,37.610098
366,55.766866,37.573393
367,55.764759,37.417302
368,55.745681,37.394709
369,55.694256,37.561284
370,55.735616,37.630391
371,55.78771,37.775631
372,55.748665,37.57687
373,55.657321,37.518282
374,55.767737,37.599247
375,55.757288,37.55681
376,55.714191,37.670914
377,55.728003,37.443533
378,55.834472,37.659649
379,55.714191,37.670914
380,55.771317,37.655347
381,55.705488,37.493308
382,55.714191,37.670914
383,55.652659,37.475513
384,55.652659,37.475513
385,55.652659,37.475513
386,55.652659,37.475513
387,55.714191,37.670914
388,55.754046,37.639267
389,55.806646,37.542958
390,55.764045,37.669513
391,55.783063,37.659389
392,55.797787,37.497153
393,55.741323,37.417733
394,55.741323,37.417733
395,55.741323,37.417733
396,55.741323,37.417733
397,55.767934,37.582808
398,55.722999,37.612829
399,55.89031,37.559326
400,55.638099,37.769451
401,55.652796,37.474192
402,55.769722,37.603496
403,55.838384,37.525765
404,55.759051,37.607179
405,55.734679,37.632305
406,55.714191,37.670914
407,55.753742,37.615533
408,55.784881,37.531523
409,55.758681,37.607125
410,55.751579,37.564203
411,55.763224,37.605409
412,55.753742,37.615533
413,55.655163,37.47315
414,55.763224,37.605409
415,55.714191,37.670914
416,55.777484,37.603424
417,55.777484,37.603424
418,55.703971,37.490587
419,55.652197,37.473042
420,55.728003,37.443533
421,55.728576,37.570267
422,55.714191,37.670914
423,55.763224,37.605409
424,55.891734,37.57819
425,55.762444,37.635593
426,55.646147,37.730688
427,55.637347,37.532017
428,55.663918,37.531478
429,55.728576,37.570267
430,55.763224,37.605409
431,55.763224,37.605409
432,55.763224,37.605409
433,55.763224,37.605409
434,55.75052,37.539401
435,55.750028,37.534397
436,55.816283,37.81106
437,55.885201,37.7077
438,55.816283,37.81106
439,55.794745,37.806955
440,55.73883,37.820592
441,55.891734,37.57819
442,55.816283,37.81106
443,55.87045,37.66327
444,55.757546,37.831093
445,55.75052,37.539401
446,55.626167,37.310151
447,55.838384,37.525765
448,55.62546,37.306872
449,55.849332,37.44506
450,55.476567,37.531127
451,55.432403,36.867829
452,55.807107,37.800299
453,55.625303,37.428055
454,55.628932,37.341843
455,55.704894,37.673106
456,55.770922,37.831839
457,55.513091,37.565317
458,55.995992,37.219008
459,55.540827,37.509379
460,55.417909,37.403809
461,55.504098,37.556101
462,55.863833,37.620366
463,55.512806,37.57121
464,55.537704,37.531595
465,55.558121,37.370724
466,56.005566,37.201733
467,55.685178,37.927311
468,55.972474,37.174308
469,55.501896,37.599238
470,55.811467,37.790552
471,55.973673,37.15556
472,55.50365,37.59957
473,55.99579,37.2068
474,55.987583,37.19425
475,55.807101,37.799328
476,55.639989,37.542401
477,55.47748,37.298554
478,55.987543,37.153871
479,55.88609,37.613
480,55.788778,37.782808
481,55.665919,37.469593
482,55.59956,37.164848
483,55.704408,37.919002
484,55.468311,37.291664
485,55.464789,36.938922
486,56.003064,37.202847
487,55.502666,37.538287
488,55.987583,37.19425
489,55.980276,37.166555
490,55.487071,37.500567
491,55.766734,37.727427
492,55.700892,37.939484
493,55.853041,37.647603
494,55.686503,37.681038
495,55.810112,37.828326
496,55.728003,37.443533
497,55.665061,37.780733
498,55.980679,37.169205
499,55.558121,37.370724
500,55.762844,37.482609
501,55.662506,37.57051
502,55.618761,37.263555
503,55.700644,37.930509
504,55.810794,37.704089
505,55.987583,37.19425
506,55.994622,37.16987
507,55.871339,37.626816
508,55.774674,37.630831
509,55.738039,37.677292
510,55.803555,37.7782
511,55.976997,37.191771
512,55.648829,37.340954
513,55.578228,37.655877
514,55.504517,37.536823
515,55.705255,37.93386
516,55.616671,37.645797
517,55.838384,37.525765
518,55.585041,37.69039
519,55.536405,37.580526
520,55.994954,37.173436
521,55.84308,37.401321
522,55.417909,37.403809
523,55.645867,37.716207
524,55.838384,37.525765
525,55.797447,37.815732
526,55.638175,37.329042
527,55.946955,37.347099
528,55.682788,37.928542
529,55.728003,37.443533
530,55.703185,37.931713
531,56.005505,37.232213
532,55.987543,37.153871
533,55.973673,37.15556
534,55.685904,37.918598
535,55.776132,37.823646
536,55.757491,37.399048
537,55.748665,37.57687
538,55.987583,37.19425
539,55.631097,37.798161
540,55.817562,37.875281
541,55.596773,37.159944
542,55.887852,37.380588
543,55.501891,37.590353
544,55.989693,37.23083
545,55.594041,37.206979
546,55.653782,37.416754
547,55.525038,37.222053
548,55.989693,37.23083
549,55.987583,37.19425
550,55.629277,37.79799
551,55.502921,37.576196
552,55.987543,37.153871
553,55.681275,37.926862
554,55.995035,37.214974
555,55.976997,37.191771
556,55.994622,37.16987
557,55.47798,37.539329
558,55.504206,37.539042
559,55.53261,37.494791
560,55.983469,37.15158
561,55.804759,37.787237
562,55.72347,37.903192
563,55.899986,37.379195
564,55.700867,37.928704
565,55.714191,37.670914
566,55.730269,37.77184
567,55.355771,37.14699
568,55.617851,37.266035
569,55.355771,37.14699
570,55.718263,37.861851
571,55.98288,37.186453
572,55.728003,37.443533
573,55.69899,37.928255
574,55.97328,37.167651
575,55.72347,37.903192
576,55.995841,37.218172
577,55.466422,37.542518
578,55.558121,37.370724
579,55.623315,37.305138
580,55.979863,37.155677
581,55.591299,37.661823
582,55.987543,37.153871
583,55.59957,37.162162
584,55.633074,37.666611
585,55.994491,37.206108
586,55.989547,37.169951
587,55.465381,36.944051
588,55.58152,37.644971
589,55.982638,37.150916
590,55.78771,37.775631
591,55.739129,37.414364
592,55.788778,37.782808
593,55.692019,37.754583
594,55.516501,37.568336
595,55.81384,37.794289
596,55.625328,37.649112
597,55.838384,37.525765
598,55.728003,37.443533
599,55.825826,37.759803
600,55.68701,37.923503
601,55.503869,37.596462
602,55.863707,37.692483
603,55.583332,37.685871
604,55.502921,37.576196
605,55.995841,37.218172
606,55.820627,37.713692
607,55.668625,37.572378
608,55.849575,37.503783
609,55.635416,37.655769
610,55.863833,37.620366
611,55.65787,37.350791
612,55.976997,37.191771
613,55.701841,37.936178
614,55.78771,37.775631
615,55.499418,37.489868
616,55.504206,37.539042
617,55.499418,37.489868
618,55.838384,37.525765
619,55.742027,37.670277
620,55.771028,37.558104
621,55.863833,37.620366
622,55.503767,37.576412
623,55.502039,37.328342
624,55.660089,37.565317
625,55.593833,37.206494
626,55.810152,37.719253
627,55.59253,37.666153
628,55.504374,37.586778
629,55.583749,37.666459
630,55.805381,37.811555
631,55.838384,37.525765
632,55.583825,37.69693
633,55.987543,37.153871
634,55.838384,37.525765
635,55.877965,37.68606
636,55.660089,37.564518
637,55.703936,37.817789
638,55.50312,37.589114
639,55.504726,37.592545
640,55.625379,37.706101
641,55.871102,37.716504
642,55.477801,37.541234
643,55.972474,37.174308
644,55.703104,37.819244
645,55.987054,37.173005
646,55.728003,37.443533
647,55.757491,37.399048
648,55.918525,37.754808
649,55.983162,37.191645
650,55.998322,37.202084
651,55.97328,37.167651
652,55.856518,37.638099
653,55.820162,37.869235
654,55.711098,37.774894
655,55.820885,37.759524
656,55.838384,37.525765
657,55.521425,37.215325
658,55.711098,37.774894
659,55.624749,37.648609
660,55.564898,37.342257
661,55.973673,37.15556
662,55.529619,37.445752
663,55.504206,37.539042
664,55.505266,37.556631
665,55.686827,37.92971
666,55.887852,37.380588
667,55.992296,37.169583
668,55.707618,37.820646
669,55.615136,37.262181
670,55.58152,37.644971
671,55.540027,37.579421
672,55.892244,37.574247
673,55.535269,37.52333
674,55.918525,37.754808
675,55.637347,37.532017
676,55.774745,37.548609
677,55.765022,37.830105
678,55.676996,37.717977
679,55.860524,37.410394
680,55.537704,37.531595
681,55.815696,37.816073
682,55.630284,37.455094
683,55.810112,37.828326
684,55.633404,37.797595
685,55.685812,37.928066
686,55.580635,37.668076
687,55.778664,37.834938
688,55.700953,37.919298
689,55.624017,37.740318
690,55.637332,37.770951
691,55.58152,37.644971
692,55.876849,37.646893
693,55.821229,37.817115
694,55.634364,37.769064
695,55.741156,37.831129
696,55.818392,37.8737
697,55.547825,37.527301
698,55.703976,37.923799
699,55.944697,37.346209
700,55.777277,37.820529
701,55.628932,37.341843
702,55.757491,37.399048
703,55.703976,37.923799
704,55.748878,37.79923
705,55.97328,37.167651
706,55.50442,37.556846
707,55.50442,37.556846
708,55.519779,37.394224
709,55.777241,37.828632
710,55.585911,37.66486
711,55.664527,37.586949
712,55.674428,37.753254
713,55.702318,37.928174
714,55.670793,37.78951
715,55.808042,37.797002
716,55.71409,37.86045
717,55.71409,37.86045
718,55.585911,37.66486
719,55.642819,37.677382
720,55.728003,37.443533
721,55.775044,37.825622
722,55.706695,37.918616
723,55.726725,37.776323
724,55.639242,37.360259
725,55.817562,37.875281
726,55.632515,37.682206
727,55.601691,37.58164
728,55.771028,37.558104
729,55.637347,37.532017
730,55.757921,37.653235
731,55.781534,37.832827
732,55.867753,37.44285
733,55.838384,37.525765
734,55.821811,37.514464
735,55.576574,37.675828
736,55.714495,37.891693
737,55.656082,37.402839
738,55.777277,37.820529
739,55.818923,37.825137
740,55.504399,37.597279
741,55.575017,37.586329
742,56.003457,37.208066
743,55.712868,37.880105
744,55.859433,37.483202
745,55.501952,37.55761
746,55.585647,37.69534
747,55.84864,37.642159
748,55.98496,37.15167
749,55.722852,37.811698
750,55.828126,37.754538
751,55.713806,37.767528
752,55.857336,37.41935
753,55.847427,37.564976
754,55.694454,37.815238
755,55.776375,37.827545
756,55.810648,37.785369
757,55.792903,37.711617
758,55.355771,37.14699
759,55.664527,37.586949
760,55.878511,37.717726
761,55.982708,37.147798
762,55.625755,37.722882
763,55.976997,37.191771
764,55.624195,37.492626
765,55.681372,37.753272
766,55.57775,37.667609
767,55.878208,37.5721
768,55.698203,37.914915
769,55.79848,37.777688
770,55.580991,37.669297
771,55.982708,37.147798
772,55.728003,37.443533
773,55.57749,37.657233
774,55.728003,37.443533
775,55.776132,37.823646
776,55.748615,37.799221
777,55.585911,37.66486
778,55.700334,37.934642
779,55.904362,37.589204
780,55.838384,37.525765
781,55.875173,37.698906
782,55.717011,37.859084
783,55.771859,37.642267
784,55.761183,37.572324
785,55.690811,37.469081
786,55.992296,37.169583
787,55.68701,37.923503
788,55.645812,37.339409
789,55.700963,37.771391
790,55.558121,37.370724
791,55.813162,37.810827
792,55.717756,37.891172
793,55.682808,37.917331
794,55.989466,37.226329
795,55.728003,37.443533
796,55.94626,37.346075
797,55.976997,37.191771
798,55.935037,37.551888
799,55.71372,37.408103
800,55.574207,37.666162
801,55.636793,37.745142
802,55.706264,37.781847
803,55.829461,37.823376
804,55.708227,37.819244
805,55.88308,37.689536
806,55.814426,37.800945
807,55.766521,37.483193
808,55.846441,37.574435
809,55.69899,37.928255
810,55.819656,37.832872
811,55.665919,37.469593
812,55.638099,37.769451
813,55.899986,37.379195
814,55.878511,37.717726
815,55.826958,37.759506
816,55.698224,37.923044
817,55.698224,37.923044
818,55.788884,37.797882
819,55.829502,37.821849
820,55.876541,37.720528
821,55.810112,37.828326
822,55.820754,37.821113
823,55.725427,37.773457
824,55.652603,37.558319
825,55.866571,37.550765
826,55.504986,37.534793
827,55.98496,37.15167
828,55.763427,37.490865
829,55.715317,37.898682
830,55.681275,37.718238
831,55.868369,37.6986
832,55.708227,37.819244
833,55.861312,37.645447
834,55.682859,37.726188
835,55.867071,37.708832
836,55.881556,37.688126
837,55.652796,37.474192
838,55.788778,37.782808
839,55.838384,37.525765
840,55.795519,37.460367
841,55.731774,37.76654
842,55.622822,37.588251
843,55.838384,37.525765
844,55.995841,37.218172
845,55.702277,37.820619
846,55.869041,37.489491
847,55.893839,37.621507
848,55.765554,37.713396
849,55.715023,37.802275
850,55.78771,37.775631
851,55.874299,37.722397
852,55.712051,37.770717
853,55.609365,37.584146
854,55.876541,37.720528
855,55.644521,37.339885
856,55.704266,37.811959
857,55.703185,37.931713
858,55.742134,37.832243
859,55.644221,37.352327
860,55.838384,37.525765
861,55.646015,37.712686
862,55.699568,37.780967
863,55.67423,37.539877
864,55.603695,37.709093
865,55.720859,37.90533
866,55.982457,37.160222
867,55.802487,37.803892
868,55.596401,37.647531
869,55.901556,37.611033
870,55.838384,37.525765
871,55.679148,37.736123
872,55.97328,37.167651
873,55.716696,37.790453
874,55.6473,37.715534
875,55.880031,37.493434
876,55.726725,37.776323
877,55.707436,37.784156
878,55.870218,37.691288
879,55.726806,37.774472
880,55.709145,37.891397
881,55.897761,37.626367
882,55.697042,37.808312
883,55.504185,37.594773
884,55.874966,37.582143
885,55.714359,37.887489
886,55.972474,37.174308
887,55.599346,37.715839
888,55.503405,37.5925
889,55.546083,37.549184
890,55.772386,37.464472
891,55.765407,37.597522
892,55.665919,37.469593
893,55.654899,37.402911
894,55.728003,37.443533
895,55.527581,37.514077
896,55.845385,37.399461
897,55.838384,37.525765
898,55.810638,37.823331
899,55.62546,37.306872
900,55.850277,37.449983
901,55.80481,37.726313
902,55.585189,37.677409
903,55.75704,37.797137
904,55.65208,37.414221
905,55.636687,37.315415
906,55.86204,37.51441
907,55.661471,37.487254
908,55.821264,37.791729
909,55.773682,37.820457
910,55.647331,37.717519
911,55.581983,37.685656
912,55.575933,37.666971
913,55.617805,37.264516
914,55.711153,37.86275
915,55.617805,37.264516
916,55.617805,37.264516
917,55.617805,37.264516
918,55.780527,37.486625
919,55.714191,37.670914
920,55.774745,37.548609
921,55.617805,37.264516
922,55.728003,37.443533
923,55.651059,37.74057
924,55.652436,37.520473
925,55.720859,37.90533
926,55.728003,37.443533
927,55.599672,37.664599
928,55.821907,37.787219
929,55.588628,37.671265
930,55.657682,37.767645
931,55.884984,37.698052
932,55.597464,37.716288
933,55.714495,37.891693
934,55.722355,37.891702
935,55.838384,37.525765
936,55.839689,37.399578
937,55.823727,37.809578
938,55.893975,37.528989
939,55.575933,37.666971
940,55.735662,37.745969
941,55.816353,37.487919
942,55.863833,37.620366
943,55.891012,37.598708
944,55.595781,37.646085
945,55.79394,37.569593
946,55.731592,37.537479
947,55.753742,37.615533
948,55.59541,37.724373
949,55.715023,37.802275
950,55.636793,37.745142
951,55.790838,37.610691
952,55.608704,37.713674
953,55.625394,37.609398
954,55.547148,37.522351
955,55.572762,37.568497
956,55.880778,37.704188
957,55.586146,37.662668
958,55.874152,37.698825
959,55.770401,37.48693
960,55.867753,37.44285
961,55.702637,37.780473
962,55.720798,37.903883
963,55.583184,37.692564
964,55.838384,37.525765
965,55.861034,37.427552
966,55.865142,37.618255
967,55.60195,37.664752
968,55.662735,37.576178
969,55.82937,37.451546
970,55.893975,37.528989
971,55.97328,37.167651
972,55.763427,37.490865
973,55.749886,37.414652
974,55.637896,37.540802
975,55.6806,37.758446
976,55.662735,37.576178
977,55.537831,37.51149
978,55.695626,37.821661
979,55.532136,37.491018
980,55.790838,37.610691
981,55.734461,37.85073
982,55.62449,37.314831
983,55.707339,37.785656
984,55.637007,37.758222
985,55.540027,37.579421
986,55.94631,37.343083
987,55.579688,37.671085
988,55.718887,37.458014
989,55.601264,37.657017
990,55.647894,37.664788
991,55.588618,37.642231
992,55.697934,37.512532
993,55.902409,37.555651
994,55.540654,37.487703
995,55.620992,37.758545
996,55.774674,37.630831
997,55.637347,37.532017
998,55.899986,37.379195
999,55.487494,37.500207
1000,55.807107,37.800299
1001,55.558121,37.370724
1002,55.705255,37.93386
1003,55.497888,37.570294
1004,55.507973,37.584308
1005,55.596773,37.664393
1006,55.469617,37.292149
1007,55.78771,37.775631
1008,55.558121,37.370724
1009,55.698903,37.915831
1010,55.78771,37.775631
1011,55.503971,37.592716
1012,55.681275,37.926862
1013,55.70251,37.935522
1014,55.65818,37.357869
1015,55.600816,37.5228
1016,55.828774,37.589195
1017,55.719622,37.456765
1018,55.851535,37.636895
1019,55.81823,37.516584
1020,55.906971,37.554286
1021,55.355771,37.14699
1022,55.838384,37.525765
1023,55.851677,37.383049
1024,55.763224,37.605409
1025,55.665919,37.469593
1026,55.630055,37.330138
1027,55.85337,37.409648
1028,55.706203,37.933285
1029,55.838384,37.525765
1030,55.821077,37.86849
1031,55.723095,37.901377
1032,55.692019,37.754583
1033,55.69903,37.938711
1034,55.820207,37.79737
1035,55.503869,37.596462
1036,55.935037,37.551888
1037,55.485469,37.305327
1038,55.829502,37.821849
1039,55.829502,37.821849
1040,55.876854,37.520779
1041,55.85575,37.507816
1042,55.597698,37.353504
1043,55.783524,37.467096
1044,55.859382,37.697576
1045,55.719992,37.831228
1046,55.820754,37.821113
1047,55.702906,37.940921
1048,55.825826,37.759803
1049,55.535692,37.550926
1050,55.673565,37.753065
1051,55.700157,37.761132
1052,55.78771,37.775631
1053,55.806408,37.395832
1054,55.717437,37.631532
1055,55.716534,37.775343
1056,55.815868,37.791962
1057,55.850782,37.500351
1058,55.503079,37.598717
1059,55.62297,37.647612
1060,55.583184,37.692564
1061,55.818518,37.803982
1062,55.724135,37.817385
1063,55.743755,37.760611
1064,55.580991,37.669297
1065,55.694698,37.807566
1066,55.812884,37.812875
1067,55.781671,37.83783
1068,55.993741,37.210249
1069,55.648311,37.663728
1070,55.78771,37.775631
1071,55.766521,37.483193
1072,55.763862,37.734659
1073,55.826958,37.759506
1074,55.838384,37.525765
1075,55.581383,37.670429
1076,55.50368,37.588745
1077,55.715839,37.888037
1078,55.736711,37.832539
1079,55.602963,37.360304
1080,55.657321,37.518282
1081,55.918525,37.754808
1082,55.838384,37.525765
1083,55.810531,37.791055
1084,55.755814,37.617635
1085,55.700278,37.766836
1086,55.707278,37.809965
1087,55.570395,37.475495
1088,55.76681,37.714914
1089,55.634126,37.590515
1090,55.714495,37.891693
1091,55.822074,37.507834
1092,55.774831,37.827383
1093,55.504517,37.536823
1094,55.839082,37.416125
1095,55.65818,37.625567
1096,55.646563,37.739528
1097,55.838384,37.525765
1098,55.679093,37.720555
1099,55.867268,37.696867
1100,55.82134,37.822685
1101,55.65818,37.625567
1102,55.875248,37.725388
1103,55.874981,37.647657
1104,55.547397,37.566584
1105,55.575185,37.482897
1106,55.683757,37.747792
1107,55.76796,37.557376
1108,55.610906,37.681479
1109,55.763224,37.605409
1110,55.710033,37.820987
1111,55.533659,37.528846
1112,55.78771,37.775631
1113,55.764845,37.735566
1114,55.635132,37.541072
1115,55.693556,37.818292
1116,55.71981,37.833087
1117,55.658236,37.564644
1118,55.800812,37.787489
1119,55.71089,37.407394
1120,55.821264,37.791729
1121,55.634791,37.319493
1122,55.679681,37.761411
1123,55.713806,37.767528
1124,55.746365,37.767663
1125,55.852177,37.41034
1126,55.840826,37.457358
1127,55.805852,37.809048
1128,55.636666,37.319808
1129,55.88147,37.70514
1130,55.870991,37.617527
1131,55.537409,37.53888
1132,55.80481,37.726313
1133,55.642494,37.614779
1134,55.587809,37.6706
1135,55.714191,37.670914
1136,55.652659,37.475513
1137,55.610906,37.681479
1138,55.863833,37.620366
1139,55.75704,37.797137
1140,55.590516,37.605436
1141,55.782395,37.457052
1142,55.87638,37.644162
1143,55.891996,37.600388
1144,55.540027,37.579421
1145,55.776132,37.823646
1146,55.602179,37.357402
1147,55.547188,37.52819
1148,55.820885,37.759524
1149,55.863833,37.620366
1150,55.58726,37.672477
1151,55.680052,37.740444
1152,55.849378,37.416332
1153,55.779201,37.826538
1154,55.75902,37.781542
1155,55.808801,37.707305
1156,55.547825,37.527301
1157,55.838384,37.525765
1158,55.707202,37.82246
1159,55.538667,37.506082
1160,55.718583,37.815381
1161,55.873097,37.661626
1162,55.896448,37.585709
1163,55.657321,37.518282
1164,55.775424,37.461122
1165,55.50054,37.541862
1166,55.826958,37.759506
1167,55.7947,37.730832
1168,55.886069,37.534119
1169,55.8553,37.609676
1170,55.603766,37.169367
1171,55.728003,37.443533
1172,55.772026,37.835468
1173,55.624967,37.30654
1174,55.859059,37.395257
1175,55.78771,37.775631
1176,55.540654,37.487703
1177,55.770608,37.476645
1178,55.863217,37.677176
1179,55.829502,37.821849
1180,55.636443,37.7441
1181,55.695626,37.821661
1182,55.708156,37.811869
1183,55.602281,37.666827
1184,55.850014,37.421874
1185,55.883217,37.519485
1186,55.862944,37.444242
1187,55.535692,37.550926
1188,55.701354,37.92706
1189,55.813855,37.795448
1190,55.810648,37.785369
1191,55.755814,37.617635
1192,55.795818,37.821804
1193,55.784865,37.450638
1194,55.664309,37.764941
1195,55.804157,37.825371
1196,55.540389,37.501968
1197,55.851677,37.383049
1198,55.656118,37.565093
1199,55.578177,37.653191
1200,55.863833,37.620366
1201,55.609299,37.716495
1202,55.694292,37.738872
1203,55.63379,37.758491
1204,55.65465,37.608778
1205,55.720915,37.812013
1206,55.636006,37.324623
1207,55.755814,37.617635
1208,55.548884,37.565111
1209,55.863833,37.620366
1210,55.717989,37.39152
1211,55.718806,37.787138
1212,55.636448,37.329581
1213,55.63379,37.758491
1214,55.622812,37.731371
1215,55.742509,37.778883
1216,55.652278,37.714761
1217,55.899986,37.379195
1218,55.788778,37.782808
1219,55.777484,37.603424
1220,55.652278,37.714761
1221,55.860711,37.670968
1222,55.88147,37.70514
1223,55.535692,37.550926
1224,55.834977,37.530849
1225,55.719085,37.785997
1226,55.622533,37.647199
1227,55.899714,37.617743
1228,55.78771,37.775631
1229,55.548294,37.559451
1230,55.703677,37.766684
1231,55.869885,37.529466
1232,55.685564,37.860019
1233,55.838384,37.525765
1234,55.734344,37.821858
1235,55.875455,37.5433
1236,55.629989,37.476375
1237,55.838384,37.525765
1238,55.82937,37.451546
1239,55.747946,37.827275
1240,55.506439,37.572082
1241,55.700334,37.934642
1242,55.710266,37.742465
1243,55.703976,37.923799
1244,55.870738,37.542338
1245,55.707745,37.671876
1246,55.774745,37.548609
1247,55.863833,37.620366
1248,55.852986,37.441637
1249,55.880258,37.523483
1250,55.863833,37.620366
1251,55.874329,37.523501
1252,55.570395,37.475495
1253,55.871683,37.596354
1254,55.880985,37.716675
1255,55.812514,37.719226
1256,55.732448,37.538053
1257,55.602108,37.538098
1258,55.838384,37.525765
1259,55.78771,37.775631
1260,55.852748,37.38684
1261,55.669874,37.752688
1262,55.815054,37.712327
1263,55.847674,37.553064
1264,55.894202,37.599777
1265,55.624195,37.492626
1266,55.684879,37.859731
1267,55.770517,37.481523
1268,55.838384,37.525765
1269,55.807041,37.817043
1270,55.607855,37.716782
1271,55.863368,37.657691
1272,55.88609,37.613
1273,55.624195,37.492626
1274,55.535121,37.517752
1275,55.637332,37.770951
1276,55.724135,37.817385
1277,55.523825,37.514733
1278,55.891123,37.526699
1279,55.540654,37.487703
1280,55.858685,37.591126
1281,55.825821,37.583284
1282,55.863833,37.620366
1283,55.901041,37.579331
1284,55.875587,37.553073
1285,55.658992,37.509703
1286,55.688416,37.7267
1287,55.930125,37.625936
1288,55.67124,37.759282
1289,55.625786,37.539814
1290,55.811346,37.405247
1291,55.565931,37.479376
1292,55.708156,37.811869
1293,55.724018,37.829557
1294,55.645426,37.733707
1295,55.662735,37.576178
1296,55.891143,37.611042
1297,55.891143,37.611042
1298,55.728003,37.443533
1299,55.721838,37.814744
1300,55.918525,37.754808
1301,55.714191,37.670914
1302,55.65403,37.617213
1303,55.650434,37.578612
1304,55.643759,37.400746
1305,55.89241,37.576241
1306,55.77835,37.488502
1307,55.600277,37.721445
1308,55.776132,37.823646
1309,55.638567,37.330794
1310,55.590404,37.378082
1311,55.681808,37.767816
1312,55.642387,37.765839
1313,55.567769,37.472351
1314,55.727126,37.775137
1315,55.897266,37.630796
1316,55.78771,37.775631
1317,55.838384,37.525765
1318,55.567769,37.472351
1319,55.77832,37.833429
1320,55.671524,37.510278
1321,55.684889,37.855294
1322,55.77792,37.820385
1323,55.880228,37.702787
1324,55.749451,37.794837
1325,55.623859,37.738369
1326,55.857756,37.439427
1327,55.739098,37.82264
1328,55.792301,37.812498
1329,55.899986,37.379195
1330,55.689842,37.657808
1331,55.713953,37.803497
1332,55.610906,37.681479
1333,55.857756,37.439427
1334,55.795585,37.730994
1335,55.602846,37.36387
1336,55.721934,37.667528
1337,55.838384,37.525765
1338,55.543903,37.54983
1339,55.636189,37.769217
1340,55.815772,37.811052
1341,55.863833,37.620366
1342,55.861135,37.590973
1343,55.720372,37.80947
1344,55.610906,37.681479
1345,55.88049,37.59445
1346,55.884368,37.682125
1347,55.596371,37.605005
1348,55.540654,37.487703
1349,55.540654,37.487703
1350,55.710677,37.405759
1351,55.876274,37.650253
1352,55.754142,37.508831
1353,55.765752,37.826601
1354,55.670646,37.770591
1355,55.637896,37.540802
1356,55.757491,37.399048
1357,55.704894,37.673106
1358,55.699588,37.743462
1359,55.60576,37.602526
1360,55.65371,37.574399
1361,55.701156,37.812695
1362,55.744581,37.606514
1363,55.549261,37.545402
1364,55.742468,37.834866
1365,55.648047,37.734479
1366,55.664527,37.586949
1367,55.607122,37.7502
1368,55.792336,37.800308
1369,55.621902,37.302497
1370,55.668198,37.570528
1371,55.627661,37.488952
1372,55.859074,37.418919
1373,55.852986,37.441637
1374,55.642636,37.54877
1375,55.623437,37.671372
1376,55.80061,37.696175
1377,55.849994,37.406567
1378,55.736985,37.83094
1379,55.662735,37.576178
1380,55.797493,37.774706
1381,55.603695,37.709093
1382,55.881343,37.693022
1383,55.753742,37.615533
1384,55.704894,37.673106
1385,55.774674,37.630831
1386,55.637347,37.532017
1387,55.899986,37.379195
1388,55.487494,37.500207
1389,55.807107,37.800299
1390,55.558121,37.370724
1391,55.705255,37.93386
1392,55.497888,37.570294
1393,55.507973,37.584308
1394,55.596773,37.664393
1395,55.469617,37.292149
1396,55.78771,37.775631
1397,55.558121,37.370724
1398,55.698903,37.915831
1399,55.78771,37.775631
1400,55.503971,37.592716
1401,55.681275,37.926862
1402,55.70251,37.935522
1403,55.65818,37.357869
1404,55.600816,37.5228
1405,55.828774,37.589195
1406,55.719622,37.456765
1407,55.851535,37.636895
1408,55.81823,37.516584
1409,55.906971,37.554286
1410,55.355771,37.14699
1411,55.838384,37.525765
1412,55.851677,37.383049
1413,55.763224,37.605409
1414,55.665919,37.469593
1415,55.630055,37.330138
1416,55.85337,37.409648
1417,55.706203,37.933285
1418,55.838384,37.525765
1419,55.821077,37.86849
1420,55.723095,37.901377
1421,55.692019,37.754583
1422,55.69903,37.938711
1423,55.820207,37.79737
1424,55.503869,37.596462
1425,55.935037,37.551888
1426,55.485469,37.305327
1427,55.829502,37.821849
1428,55.829502,37.821849
1429,55.876854,37.520779
1430,55.85575,37.507816
1431,55.597698,37.353504
1432,55.783524,37.467096
1433,55.859382,37.697576
1434,55.719992,37.831228
1435,55.820754,37.821113
1436,55.702906,37.940921
1437,55.825826,37.759803
1438,55.535692,37.550926
1439,55.673565,37.753065
1440,55.700157,37.761132
1441,55.78771,37.775631
1442,55.806408,37.395832
1443,55.717437,37.631532
1444,55.716534,37.775343
1445,55.815868,37.791962
1446,55.850782,37.500351
1447,55.503079,37.598717
1448,55.62297,37.647612
1449,55.583184,37.692564
1450,55.818518,37.803982
1451,55.724135,37.817385
1452,55.743755,37.760611
1453,55.580991,37.669297
1454,55.694698,37.807566
1455,55.812884,37.812875
1456,55.781671,37.83783
1457,55.993741,37.210249
1458,55.648311,37.663728
1459,55.78771,37.775631
1460,55.766521,37.483193
1461,55.763862,37.734659
1462,55.826958,37.759506
1463,55.838384,37.525765
1464,55.581383,37.670429
1465,55.50368,37.588745
1466,55.715839,37.888037
1467,55.736711,37.832539
1468,55.602963,37.360304
1469,55.657321,37.518282
1470,55.918525,37.754808
1471,55.838384,37.525765
1472,55.810531,37.791055
1473,55.755814,37.617635
1474,55.700278,37.766836
1475,55.707278,37.809965
1476,55.570395,37.475495
1477,55.76681,37.714914
1478,55.634126,37.590515
1479,55.714495,37.891693
1480,55.822074,37.507834
1481,55.774831,37.827383
1482,55.504517,37.536823
1483,55.839082,37.416125
1484,55.65818,37.625567
1485,55.646563,37.739528
1486,55.838384,37.525765
1487,55.679093,37.720555
1488,55.867268,37.696867
1489,55.82134,37.822685
1490,55.65818,37.625567
1491,55.875248,37.725388
1492,55.874981,37.647657
1493,55.547397,37.566584
1494,55.575185,37.482897
1495,55.683757,37.747792
1496,55.76796,37.557376
1497,55.610906,37.681479
1498,55.763224,37.605409
1499,55.710033,37.820987
1500,55.533659,37.528846
1501,55.78771,37.775631
1502,55.764845,37.735566
1503,55.635132,37.541072
1504,55.693556,37.818292
1505,55.71981,37.833087
1506,55.658236,37.564644
1507,55.800812,37.787489
1508,55.71089,37.407394
1509,55.821264,37.791729
1510,55.634791,37.319493
1511,55.679681,37.761411
1512,55.713806,37.767528
1513,55.746365,37.767663
1514,55.852177,37.41034
1515,55.840826,37.457358
1516,55.805852,37.809048
1517,55.636666,37.319808
1518,55.88147,37.70514
1519,55.870991,37.617527
1520,55.537409,37.53888
1521,55.80481,37.726313
1522,55.642494,37.614779
1523,55.587809,37.6706
1524,55.714191,37.670914
1525,55.652659,37.475513
1526,55.610906,37.681479
1527,55.863833,37.620366
1528,55.75704,37.797137
1529,55.590516,37.605436
1530,55.782395,37.457052
1531,55.87638,37.644162
1532,55.891996,37.600388
1533,55.540027,37.579421
1534,55.776132,37.823646
1535,55.602179,37.357402
1536,55.547188,37.52819
1537,55.820885,37.759524
1538,55.863833,37.620366
1539,55.58726,37.672477
1540,55.680052,37.740444
1541,55.849378,37.416332
1542,55.779201,37.826538
1543,55.75902,37.781542
1544,55.808801,37.707305
1545,55.547825,37.527301
1546,55.838384,37.525765
1547,55.707202,37.82246
1548,55.538667,37.506082
1549,55.718583,37.815381
1550,55.873097,37.661626
1551,55.896448,37.585709
1552,55.657321,37.518282
1553,55.775424,37.461122
1554,55.50054,37.541862
1555,55.826958,37.759506
1556,55.7947,37.730832
1557,55.886069,37.534119
1558,55.8553,37.609676
1559,55.603766,37.169367
1560,55.728003,37.443533
1561,55.772026,37.835468
1562,55.624967,37.30654
1563,55.859059,37.395257
1564,55.78771,37.775631
1565,55.540654,37.487703
1566,55.770608,37.476645
1567,55.863217,37.677176
1568,55.829502,37.821849
1569,55.636443,37.7441
1570,55.695626,37.821661
1571,55.708156,37.811869
1572,55.602281,37.666827
1573,55.850014,37.421874
1574,55.883217,37.519485
1575,55.862944,37.444242
1576,55.535692,37.550926
1577,55.701354,37.92706
1578,55.813855,37.795448
1579,55.810648,37.785369
1580,55.755814,37.617635
1581,55.795818,37.821804
1582,55.784865,37.450638
1583,55.664309,37.764941
1584,55.804157,37.825371
1585,55.540389,37.501968
1586,55.851677,37.383049
1587,55.656118,37.565093
1588,55.578177,37.653191
1589,55.863833,37.620366
1590,55.609299,37.716495
1591,55.694292,37.738872
1592,55.63379,37.758491
1593,55.65465,37.608778
1594,55.720915,37.812013
1595,55.636006,37.324623
1596,55.755814,37.617635
1597,55.548884,37.565111
1598,55.863833,37.620366
1599,55.717989,37.39152
1600,55.718806,37.787138
1601,55.636448,37.329581
1602,55.63379,37.758491
1603,55.622812,37.731371
1604,55.742509,37.778883
1605,55.652278,37.714761
1606,55.899986,37.379195
1607,55.788778,37.782808
1608,55.777484,37.603424
1609,55.652278,37.714761
1610,55.860711,37.670968
1611,55.88147,37.70514
1612,55.535692,37.550926
1613,55.834977,37.530849
1614,55.719085,37.785997
1615,55.622533,37.647199
1616,55.899714,37.617743
1617,55.78771,37.775631
1618,55.548294,37.559451
1619,55.703677,37.766684
1620,55.869885,37.529466
1621,55.685564,37.860019
1622,55.838384,37.525765
1623,55.734344,37.821858
1624,55.875455,37.5433
1625,55.629989,37.476375
1626,55.838384,37.525765
1627,55.82937,37.451546
1628,55.747946,37.827275
1629,55.506439,37.572082
1630,55.700334,37.934642
1631,55.710266,37.742465
1632,55.703976,37.923799
1633,55.870738,37.542338
1634,55.707745,37.671876
1635,55.774745,37.548609
1636,55.863833,37.620366
1637,55.852986,37.441637
1638,55.880258,37.523483
1639,55.863833,37.620366
1640,55.874329,37.523501
1641,55.570395,37.475495
1642,55.871683,37.596354
1643,55.880985,37.716675
1644,55.812514,37.719226
1645,55.732448,37.538053
1646,55.602108,37.538098
1647,55.838384,37.525765
1648,55.78771,37.775631
1649,55.852748,37.38684
1650,55.669874,37.752688
1651,55.815054,37.712327
1652,55.847674,37.553064
1653,55.894202,37.599777
1654,55.624195,37.492626
1655,55.684879,37.859731
1656,55.770517,37.481523
1657,55.838384,37.525765
1658,55.807041,37.817043
1659,55.607855,37.716782
1660,55.863368,37.657691
1661,55.88609,37.613
1662,55.624195,37.492626
1663,55.535121,37.517752
1664,55.637332,37.770951
1665,55.724135,37.817385
1666,55.523825,37.514733
1667,55.891123,37.526699
1668,55.540654,37.487703
1669,55.858685,37.591126
1670,55.825821,37.583284
1671,55.863833,37.620366
1672,55.901041,37.579331
1673,55.875587,37.553073
1674,55.658992,37.509703
1675,55.688416,37.7267
1676,55.930125,37.625936
1677,55.67124,37.759282
1678,55.625786,37.539814
1679,55.811346,37.405247
1680,55.565931,37.479376
1681,55.708156,37.811869
1682,55.724018,37.829557
1683,55.645426,37.733707
1684,55.662735,37.576178
1685,55.891143,37.611042
1686,55.891143,37.611042
1687,55.728003,37.443533
1688,55.721838,37.814744
1689,55.918525,37.754808
1690,55.714191,37.670914
1691,55.65403,37.617213
1692,55.650434,37.578612
1693,55.643759,37.400746
1694,55.89241,37.576241
1695,55.77835,37.488502
1696,55.600277,37.721445
1697,55.776132,37.823646
1698,55.638567,37.330794
1699,55.590404,37.378082
1700,55.681808,37.767816
1701,55.642387,37.765839
1702,55.567769,37.472351
1703,55.727126,37.775137
1704,55.897266,37.630796
1705,55.78771,37.775631
1706,55.838384,37.525765
1707,55.567769,37.472351
1708,55.77832,37.833429
1709,55.671524,37.510278
1710,55.684889,37.855294
1711,55.77792,37.820385
1712,55.880228,37.702787
1713,55.749451,37.794837
1714,55.623859,37.738369
1715,55.857756,37.439427
1716,55.739098,37.82264
1717,55.792301,37.812498
1718,55.899986,37.379195
1719,55.689842,37.657808
1720,55.713953,37.803497
1721,55.610906,37.681479
1722,55.857756,37.439427
1723,55.795585,37.730994
1724,55.602846,37.36387
1725,55.721934,37.667528
1726,55.838384,37.525765
1727,55.543903,37.54983
1728,55.636189,37.769217
1729,55.815772,37.811052
1730,55.863833,37.620366
1731,55.861135,37.590973
1732,55.720372,37.80947
1733,55.610906,37.681479
1734,55.88049,37.59445
1735,55.884368,37.682125
1736,55.596371,37.605005
1737,55.540654,37.487703
1738,55.540654,37.487703
1739,55.710677,37.405759
1740,55.876274,37.650253
1741,55.754142,37.508831
1742,55.765752,37.826601
1743,55.670646,37.770591
1744,55.637896,37.540802
1745,55.757491,37.399048
1746,55.704894,37.673106
1747,55.699588,37.743462
1748,55.60576,37.602526
1749,55.65371,37.574399
1750,55.701156,37.812695
1751,55.744581,37.606514
1752,55.549261,37.545402
1753,55.742468,37.834866
1754,55.648047,37.734479
1755,55.664527,37.586949
1756,55.607122,37.7502
1757,55.792336,37.800308
1758,55.621902,37.302497
1759,55.668198,37.570528
1760,55.627661,37.488952
1761,55.859074,37.418919
1762,55.852986,37.441637
1763,55.642636,37.54877
1764,55.623437,37.671372
1765,55.80061,37.696175
1766,55.849994,37.406567
1767,55.736985,37.83094
1768,55.662735,37.576178
1769,55.797493,37.774706
1770,55.603695,37.709093
1771,55.881343,37.693022
1772,55.753742,37.615533
1773,55.704894,37.673106
1774,55.774674,37.630831
1775,55.637347,37.532017
1776,55.899986,37.379195
1777,55.487494,37.500207
1778,55.807107,37.800299
1779,55.558121,37.370724
1780,55.705255,37.93386
1781,55.497888,37.570294
1782,55.507973,37.584308
1783,55.596773,37.664393
1784,55.469617,37.292149
1785,55.78771,37.775631
1786,55.558121,37.370724
1787,55.698903,37.915831
1788,55.78771,37.775631
1789,55.503971,37.592716
1790,55.681275,37.926862
1791,55.70251,37.935522
1792,55.65818,37.357869
1793,55.600816,37.5228
1794,55.828774,37.589195
1795,55.719622,37.456765
1796,55.851535,37.636895
1797,55.81823,37.516584
1798,55.906971,37.554286
1799,55.355771,37.14699
1800,55.838384,37.525765
1801,55.851677,37.383049
1802,55.763224,37.605409
1803,55.665919,37.469593
1804,55.630055,37.330138
1805,55.85337,37.409648
1806,55.706203,37.933285
1807,55.838384,37.525765
1808,55.821077,37.86849
1809,55.723095,37.901377
1810,55.692019,37.754583
1811,55.69903,37.938711
1812,55.820207,37.79737
1813,55.503869,37.596462
1814,55.935037,37.551888
1815,55.485469,37.305327
1816,55.829502,37.821849
1817,55.829502,37.821849
1818,55.876854,37.520779
1819,55.85575,37.507816
1820,55.597698,37.353504
1821,55.783524,37.467096
1822,55.859382,37.697576
1823,55.719992,37.831228
1824,55.820754,37.821113
1825,55.702906,37.940921
1826,55.825826,37.759803
1827,55.535692,37.550926
1828,55.673565,37.753065
1829,55.700157,37.761132
1830,55.78771,37.775631
1831,55.806408,37.395832
1832,55.717437,37.631532
1833,55.716534,37.775343
1834,55.815868,37.791962
1835,55.850782,37.500351
1836,55.503079,37.598717
1837,55.62297,37.647612
1838,55.583184,37.692564
1839,55.818518,37.803982
1840,55.724135,37.817385
1841,55.743755,37.760611
1842,55.580991,37.669297
1843,55.694698,37.807566
1844,55.812884,37.812875
1845,55.781671,37.83783
1846,55.993741,37.210249
1847,55.648311,37.663728
1848,55.78771,37.775631
1849,55.766521,37.483193
1850,55.763862,37.734659
1851,55.826958,37.759506
1852,55.838384,37.525765
1853,55.581383,37.670429
1854,55.50368,37.588745
1855,55.715839,37.888037
1856,55.736711,37.832539
1857,55.602963,37.360304
1858,55.657321,37.518282
1859,55.918525,37.754808
1860,55.838384,37.525765
1861,55.810531,37.791055
1862,55.755814,37.617635
1863,55.700278,37.766836
1864,55.707278,37.809965
1865,55.570395,37.475495
1866,55.76681,37.714914
1867,55.634126,37.590515
1868,55.714495,37.891693
1869,55.822074,37.507834
1870,55.774831,37.827383
1871,55.504517,37.536823
1872,55.839082,37.416125
1873,55.65818,37.625567
1874,55.646563,37.739528
1875,55.838384,37.525765
1876,55.679093,37.720555
1877,55.867268,37.696867
1878,55.82134,37.822685
1879,55.65818,37.625567
1880,55.875248,37.725388
1881,55.874981,37.647657
1882,55.547397,37.566584
1883,55.575185,37.482897
1884,55.683757,37.747792
1885,55.76796,37.557376
1886,55.610906,37.681479
1887,55.763224,37.605409
1888,55.710033,37.820987
1889,55.533659,37.528846
1890,55.78771,37.775631
1891,55.764845,37.735566
1892,55.635132,37.541072
1893,55.693556,37.818292
1894,55.71981,37.833087
1895,55.658236,37.564644
1896,55.800812,37.787489
1897,55.71089,37.407394
1898,55.821264,37.791729
1899,55.634791,37.319493
1900,55.679681,37.761411
1901,55.713806,37.767528
1902,55.746365,37.767663
1903,55.852177,37.41034
1904,55.840826,37.457358
1905,55.805852,37.809048
1906,55.636666,37.319808
1907,55.88147,37.70514
1908,55.870991,37.617527
1909,55.537409,37.53888
1910,55.80481,37.726313
1911,55.642494,37.614779
1912,55.587809,37.6706
1913,55.714191,37.670914
1914,55.652659,37.475513
1915,55.610906,37.681479
1916,55.863833,37.620366
1917,55.75704,37.797137
1918,55.590516,37.605436
1919,55.782395,37.457052
1920,55.87638,37.644162
1921,55.891996,37.600388
1922,55.540027,37.579421
1923,55.776132,37.823646
1924,55.602179,37.357402
1925,55.547188,37.52819
1926,55.820885,37.759524
1927,55.863833,37.620366
1928,55.58726,37.672477
1929,55.680052,37.740444
1930,55.849378,37.416332
1931,55.779201,37.826538
1932,55.75902,37.781542
1933,55.808801,37.707305
1934,55.547825,37.527301
1935,55.838384,37.525765
1936,55.707202,37.82246
1937,55.538667,37.506082
1938,55.718583,37.815381
1939,55.873097,37.661626
1940,55.896448,37.585709
1941,55.657321,37.518282
1942,55.775424,37.461122
1943,55.50054,37.541862
1944,55.826958,37.759506
1945,55.7947,37.730832
1946,55.886069,37.534119
1947,55.8553,37.609676
1948,55.603766,37.169367
1949,55.728003,37.443533
1950,55.772026,37.835468
1951,55.624967,37.30654
1952,55.859059,37.395257
1953,55.78771,37.775631
1954,55.540654,37.487703
1955,55.770608,37.476645
1956,55.863217,37.677176
1957,55.829502,37.821849
1958,55.636443,37.7441
1959,55.695626,37.821661
1960,55.708156,37.811869
1961,55.602281,37.666827
1962,55.850014,37.421874
1963,55.883217,37.519485
1964,55.862944,37.444242
1965,55.535692,37.550926
1966,55.701354,37.92706
1967,55.813855,37.795448
1968,55.810648,37.785369
1969,55.755814,37.617635
1970,55.795818,37.821804
1971,55.784865,37.450638
1972,55.664309,37.764941
1973,55.804157,37.825371
1974,55.540389,37.501968
1975,55.851677,37.383049
1976,55.656118,37.565093
1977,55.578177,37.653191
1978,55.863833,37.620366
1979,55.609299,37.716495
1980,55.694292,37.738872
1981,55.63379,37.758491
1982,55.65465,37.608778
1983,55.720915,37.812013
1984,55.636006,37.324623
1985,55.755814,37.617635
1986,55.548884,37.565111
1987,55.863833,37.620366
1988,55.717989,37.39152
1989,55.718806,37.787138
1990,55.636448,37.329581
1991,55.63379,37.758491
1992,55.622812,37.731371
1993,55.742509,37.778883
1994,55.652278,37.714761
1995,55.899986,37.379195
1996,55.788778,37.782808
1997,55.777484,37.603424
1998,55.652278,37.714761
1999,55.860711,37.670968
2000,55.88147,37.70514
2001,55.535692,37.550926
2002,55.834977,37.530849
2003,55.719085,37.785997
2004,55.622533,37.647199
2005,55.899714,37.617743
2006,55.78771,37.775631
2007,55.548294,37.559451
2008,55.703677,37.766684
2009,55.869885,37.529466
2010,55.685564,37.860019
2011,55.838384,37.525765
2012,55.734344,37.821858
2013,55.875455,37.5433
2014,55.629989,37.476375
2015,55.838384,37.525765
2016,55.82937,37.451546
2017,55.747946,37.827275
2018,55.506439,37.572082
2019,55.700334,37.934642
2020,55.710266,37.742465
2021,55.703976,37.923799
2022,55.870738,37.542338
2023,55.707745,37.671876
2024,55.774745,37.548609
2025,55.863833,37.620366
2026,55.852986,37.441637
2027,55.880258,37.523483
2028,55.863833,37.620366
2029,55.874329,37.523501
2030,55.570395,37.475495
2031,55.871683,37.596354
2032,55.880985,37.716675
2033,55.812514,37.719226
2034,55.732448,37.538053
2035,55.602108,37.538098
2036,55.838384,37.525765
2037,55.78771,37.775631
2038,55.852748,37.38684
2039,55.669874,37.752688
2040,55.815054,37.712327
2041,55.847674,37.553064
2042,55.894202,37.599777
2043,55.624195,37.492626
2044,55.684879,37.859731
2045,55.770517,37.481523
2046,55.838384,37.525765
2047,55.807041,37.817043
2048,55.607855,37.716782
2049,55.863368,37.657691
2050,55.88609,37.613
2051,55.624195,37.492626
2052,55.535121,37.517752
2053,55.637332,37.770951
2054,55.724135,37.817385
2055,55.523825,37.514733
2056,55.891123,37.526699
2057,55.540654,37.487703
2058,55.858685,37.591126
2059,55.825821,37.583284
2060,55.863833,37.620366
2061,55.901041,37.579331
2062,55.875587,37.553073
2063,55.658992,37.509703
2064,55.688416,37.7267
2065,55.930125,37.625936
2066,55.67124,37.759282
2067,55.625786,37.539814
2068,55.811346,37.405247
2069,55.565931,37.479376
2070,55.708156,37.811869
2071,55.724018,37.829557
2072,55.645426,37.733707
2073,55.662735,37.576178
2074,55.891143,37.611042
2075,55.891143,37.611042
2076,55.728003,37.443533
2077,55.721838,37.814744
2078,55.918525,37.754808
2079,55.714191,37.670914
2080,55.65403,37.617213
2081,55.650434,37.578612
2082,55.643759,37.400746
2083,55.89241,37.576241
2084,55.77835,37.488502
2085,55.600277,37.721445
2086,55.776132,37.823646
2087,55.638567,37.330794
2088,55.590404,37.378082
2089,55.681808,37.767816
2090,55.642387,37.765839
2091,55.567769,37.472351
2092,55.727126,37.775137
2093,55.897266,37.630796
2094,55.78771,37.775631
2095,55.838384,37.525765
2096,55.567769,37.472351
2097,55.77832,37.833429
2098,55.671524,37.510278
2099,55.684889,37.855294
2100,55.77792,37.820385
2101,55.880228,37.702787
2102,55.749451,37.794837
2103,55.623859,37.738369
2104,55.857756,37.439427
2105,55.739098,37.82264
2106,55.792301,37.812498
2107,55.899986,37.379195
2108,55.689842,37.657808
2109,55.713953,37.803497
2110,55.610906,37.681479
2111,55.857756,37.439427
2112,55.795585,37.730994
2113,55.602846,37.36387
2114,55.721934,37.667528
2115,55.838384,37.525765
2116,55.543903,37.54983
2117,55.636189,37.769217
2118,55.815772,37.811052
2119,55.863833,37.620366
2120,55.861135,37.590973
2121,55.720372,37.80947
2122,55.610906,37.681479
2123,55.88049,37.59445
2124,55.884368,37.682125
2125,55.596371,37.605005
2126,55.540654,37.487703
2127,55.540654,37.487703
2128,55.710677,37.405759
2129,55.876274,37.650253
2130,55.754142,37.508831
2131,55.765752,37.826601
2132,55.670646,37.770591
2133,55.637896,37.540802
2134,55.757491,37.399048
2135,55.704894,37.673106
2136,55.699588,37.743462
2137,55.60576,37.602526
2138,55.65371,37.574399
2139,55.701156,37.812695
2140,55.744581,37.606514
2141,55.549261,37.545402
2142,55.742468,37.834866
2143,55.648047,37.734479
2144,55.664527,37.586949
2145,55.607122,37.7502
2146,55.792336,37.800308
2147,55.621902,37.302497
2148,55.668198,37.570528
2149,55.627661,37.488952
2150,55.859074,37.418919
2151,55.852986,37.441637
2152,55.642636,37.54877
2153,55.623437,37.671372
2154,55.80061,37.696175
2155,55.849994,37.406567
2156,55.736985,37.83094
2157,55.662735,37.576178
2158,55.797493,37.774706
2159,55.603695,37.709093
2160,55.881343,37.693022
2161,55.753742,37.615533
2162,55.704894,37.673106
2163,55.738039,37.677292
2164,55.674494,37.720016
2165,55.615288,37.754224
2166,55.881975,37.590102
2167,55.610906,37.681479
2168,55.762895,37.48534
2169,55.699588,37.743462
2170,55.842524,37.387765
2171,55.669549,37.764636
2172,55.831241,37.643004
2173,55.623026,37.425045
2174,55.852263,37.421156
2175,55.681691,37.859381
2176,55.662435,37.584757
2177,55.878309,37.693741
2178,55.634705,37.324174
2179,55.797296,37.718732
2180,55.539889,37.536365
2181,55.592429,37.608958
2182,55.718562,37.797307
2183,55.600694,37.366484
2184,55.652014,37.603631
2185,55.647828,37.649373
2186,55.848498,37.446874
2187,55.838384,37.525765
2188,55.757491,37.399048
2189,55.806408,37.395832
2190,55.652197,37.473042
2191,55.63376,37.7396
2192,55.655513,37.588692
2193,55.700867,37.928704
2194,55.78771,37.775631
2195,55.684528,37.54312
2196,55.780213,37.471623
2197,55.662735,37.576178
2198,55.771028,37.558104
2199,55.771028,37.558104
2200,55.847609,37.477157
2201,55.900531,37.589069
2202,55.63755,37.542105
2203,55.570054,37.572189
2204,55.891734,37.591279
2205,55.863833,37.620366
2206,55.618171,37.487335
2207,55.688872,37.568848
2208,55.708617,37.582718
2209,55.59252,37.612488
2210,55.751761,37.803146
2211,55.836221,37.353001
2212,55.70319,37.93545
2213,55.88355,37.64577
2214,55.838384,37.525765
2215,55.792301,37.812498
2216,55.728591,37.67431
2217,55.610906,37.681479
2218,55.634791,37.319493
2219,55.770056,37.410879
2220,55.706031,37.791621
2221,55.725716,37.532475
2222,55.872642,37.66733
2223,55.567769,37.472351
2224,55.759841,37.776673
2225,55.670062,37.743759
2226,55.62849,37.341287
2227,55.707527,37.395931
2228,55.662735,37.576178
2229,55.621333,37.704224
2230,55.52435,37.509667
2231,55.661389,37.602669
2232,55.610646,37.755347
2233,55.725356,37.429106
2234,55.669772,37.758716
2235,55.894399,37.626205
2236,55.718152,37.805742
2237,55.624749,37.648609
2238,55.792868,37.886708
2239,55.842524,37.387765
2240,55.881828,37.674517
2241,55.609482,37.549768
2242,55.661902,37.508292
2243,55.823333,37.657242
2244,55.748665,37.57687
2245,55.838384,37.525765
2246,55.633668,37.589087
2247,55.700867,37.928704
2248,55.68029,37.483436
2249,55.844258,37.353971
2250,55.621902,37.302497
2251,55.624195,37.492626
2252,55.662588,37.611473
2253,55.863833,37.620366
2254,55.607122,37.7502
2255,55.620133,37.69622
2256,55.849383,37.640147
2257,55.763027,37.40813
2258,55.712218,37.394377
2259,55.887544,37.519952
2260,55.815519,37.404492
2261,55.848564,37.48835
2262,55.687731,37.555948
2263,55.662735,37.576178
2264,55.728576,37.570267
2265,55.801946,37.548591
2266,55.744105,37.669531
2267,55.862601,37.555607
2268,55.807324,37.778703
2269,55.660516,37.774373
2270,55.806408,37.395832
2271,55.753742,37.615533
2272,55.739098,37.82264
2273,55.607972,37.606074
2274,55.932127,37.793705
2275,55.848903,37.656029
2276,55.63318,37.677499
2277,55.726015,37.422692
2278,55.720023,37.823951
2279,55.663217,37.565542
2280,55.628647,37.475531
2281,55.932127,37.793705
2282,55.869657,37.610009
2283,55.765777,37.409837
2284,55.709277,37.612605
